1689989834314
1689989834778
1689989834987
1689989835400
1689989835616
1689989836013
1689989836232
1689989836649
1689989836855
1689989837288
1689989837490
1689989837903
1689989838118
1689989838535
1689989838965
1689989839368
1689989839594
1689989840122
1689989841389
1689989841779
1689989841991
1689989842408
1689989842612
1689989843026
1689989843248
1689989843674
1689989843918
1689989844330
1689989844533
1689989844953
1689989845170
1689989845666
1689989845868
1689989846273
1689989846487
1689989846882
1689989847108
1689989847516
1689989847722
1689989848151
1689989848355
1689989848772
1689989848998
1689989849408
1689989849614
1689989850041
1689989850262
1689989850699
1689989850957
1689989851416
1689989851624
1689989852042
1689989852250
1689989852703
1689989852907
1689989853334
1689989853542
1689989853961
1689989854180
1689989854587
1689989854793
1689989855227
1689989855434
1689989855861
1689989856070
1689989856518
1689989856729
1689989857145
1689989857358
1689989857780
1689989859027
1689989859478
1689989859687
1689989860114
1689989860327
1689989860746
1689989861471
1689989861929
1689989862149
1689989862549
1689989862750
1689989863195
1689989863407
1689989863825
1689989864026
1689989864452
1689989864657
1689989865071
1689989865788
1689989866269
1689989866473
1689989866932
1689989867133
1689989867564
1689989867779
1689989868208
1689989868408
1689989868820
1689989869034
1689989869421
1689989869642
1689989870043
1689989870250
1689989870654
1689989870852
1689989872901
1689989873168
1689989873586
1689989873797
1689989874208
1689989874422
1689989874835
1689989875051
1689989875485
1689989875707
1689989876134
1689989876342
1689989876768
1689989876971
1689989877389
1689989877607
1689989878080
1689989878279
1689989878701
1689989878910
1689989879338
1689989879540
1689989879951
1689989880362
1689989880773
1689989880983
1689989881407
1689989881631
1689989882029
1689989882237
1689989882686
1689989882892
1689989883379
1689989883578
1689989883996
1689989884216
1689989884641
1689989884857
1689989885259
1689989885461
1689989885885
1689989886099
1689989886531
1689989886740
1689989887176
1689989887389
1689989887832
1689989888046
1689989888481
1689989888690
1689989889097
1689989889310
1689989889730
1689989889938
1689989890367
1689989890575
1689989891000
1689989891202
1689989892175
1689989892376
1689989892798
1689989893010
1689989893408
1689989893661
1689989894082
1689989894290
1689989894712
1689989894922
1689989895368
1689989895572
1689989895990
1689989896202
1689989896627
1689989897226
1689989898725
1689989898936
1689989899356
1689989899571
1689989899971
1689989900189
1689989900601
1689989900821
1689989901229
1689989901449
1689989901866
1689989902086
1689989902496
1689989902711
1689989903149
1689989903366
1689989903809
1689989904049
1689989904514
1689989904730
1689989905140
