1689988204527
1689988205238
1689988205475
1689988206177
1689988206442
1689988207104
1689988207355
1689988208086
1689988208343
1689988209068
1689988209304
1689988210024
1689988210264
1689988210973
1689988211259
1689988212407
1689988212719
1689988213776
1689988214713
1689988215810
1689988216034
1689988216721
1689988216968
1689988217643
1689988217888
1689988218540
1689988218785
1689988219436
1689988219670
1689988220316
1689988220565
1689988221256
1689988221496
1689988222172
1689988222420
1689988223132
1689988223375
1689988224043
1689988224297
1689988224944
1689988225184
1689988225854
1689988226093
1689988226764
1689988227023
1689988227668
1689988227904
1689988228573
1689988228815
1689988229494
1689988230053
1689988231320
1689988231773
1689988232836
1689988233276
1689988233965
1689988234221
1689988234901
1689988235165
1689988235832
1689988236077
1689988236740
1689988236985
1689988237701
1689988237941
1689988238613
1689988238862
1689988239540
1689988239772
1689988240486
1689988240733
1689988241433
1689988241675
1689988242345
1689988242586
1689988243256
1689988243498
1689988244193
1689988244420
1689988245122
1689988245381
1689988246848
1689988247106
1689988247766
1689988248012
1689988248660
1689988248903
1689988250624
1689988251106
1689988251948
1689988252170
1689988252853
1689988253099
1689988253764
1689988253993
1689988254698
1689988254924
1689988255632
1689988255890
1689988256580
1689988256897
1689988257588
1689988257838
1689988258512
1689988258756
1689988259492
1689988259745
1689988260434
1689988260664
1689988261358
1689988261600
1689988262274
1689988262504
1689988263224
1689988263491
1689988264162
1689988264413
1689988265090
1689988265373
1689988266016
1689988266258
1689988266940
1689988267178
1689988267877
1689988268114
1689988268773
1689988269003
1689988269681
1689988269928
1689988270596
1689988270826
1689988271501
1689988271727
1689988272431
1689988272654
1689988273337
1689988274170
1689988274965
1689988275215
1689988275876
1689988276112
1689988276785
1689988277037
1689988277718
1689988277950
1689988278637
1689988278881
1689988279574
1689988279816
1689988280478
1689988280733
1689988281421
1689988281658
1689988282326
1689988282572
1689988283239
1689988283489
1689988284181
1689988284431
1689988285128
1689988285374
1689988286044
1689988286275
1689988286981
1689988287227
1689988287926
1689988288177
1689988288866
1689988289111
1689988289768
1689988290020
1689988290733
1689988290971
1689988291634
1689988291884
1689988292585
1689988292834
1689988293496
1689988293738
1689988294441
1689988294685
1689988295357
1689988295620
1689988296297
1689988296556
1689988297225
1689988297473
1689988298128
1689988298371
1689988299072
1689988299322
1689988299989
1689988300236
1689988300910
1689988301165
1689988301812
1689988302055
1689988302732
1689988302992
1689988303707
