1689988845101
1689988845548
1689988845797
1689988846186
1689988846427
1689988846834
1689988847054
1689988847458
1689988847688
1689988848114
1689988848337
1689988848742
1689988848973
1689988849376
1689988849582
1689988850020
1689988850235
1689988850645
1689988850877
1689988851285
1689988851494
1689988851922
1689988852153
1689988852572
1689988852788
1689988853214
1689988853424
1689988853866
1689988854093
1689988854518
1689988854761
1689988855186
1689988855416
1689988855827
1689988856049
1689988856454
1689988856681
1689988857094
1689988857316
1689988857721
1689988857942
1689988858332
1689988858559
1689988858947
1689988859180
1689988859574
1689988859793
1689988860211
1689988860415
1689988860805
1689988861043
1689988861441
1689988861658
1689988862070
1689988862279
1689988863629
1689988864073
1689988864670
1689988864894
1689988865300
1689988865545
1689988865934
1689988866151
1689988866561
1689988866789
1689988867185
1689988867428
1689988867814
1689988868032
1689988868451
1689988868703
1689988869085
1689988869319
1689988869718
1689988869944
1689988870353
1689988870557
1689988870958
1689988871158
1689988871593
1689988871821
1689988872201
1689988872432
1689988872853
1689988873084
1689988873495
1689988873723
1689988874125
1689988874343
1689988874710
1689988874939
1689988875341
1689988875572
1689988875977
1689988876187
1689988876581
1689988876802
1689988877221
1689988877442
1689988878145
1689988878588
1689988879730
1689988879941
1689988880346
1689988880563
1689988880971
1689988881188
1689988881631
1689988881854
1689988882273
1689988882478
1689988882885
1689988883103
1689988883493
1689988883706
1689988884090
1689988884322
1689988884722
1689988884948
1689988885378
1689988885590
1689988885982
1689988886210
1689988886607
1689988886862
1689988887254
1689988887477
1689988887870
1689988888099
1689988888533
1689988888763
1689988889153
1689988889382
1689988889807
1689988890049
1689988890449
1689988890667
1689988891078
1689988891303
1689988891713
1689988891941
1689988892311
1689988892535
1689988892929
1689988893151
1689988894113
1689988895302
1689988896515
1689988897254
1689988898073
1689988898510
1689988899046
1689988899281
1689988899682
1689988899905
1689988900283
1689988900504
1689988900925
1689988901149
1689988901527
1689988901776
1689988902165
1689988902393
1689988902792
1689988903021
1689988903461
1689988903679
1689988904093
1689988904306
1689988904709
1689988904918
1689988905338
1689988905548
1689988905968
1689988906204
1689988906609
1689988906814
1689988907225
1689988907448
1689988907830
1689988908031
1689988908443
1689988908668
1689988909057
1689988909289
1689988909673
1689988909898
1689988910277
1689988910490
1689988910889
1689988912252
1689988913045
1689988913439
1689988913837
1689988914057
1689988914465
1689988914683
1689988915065
1689988915296
1689988915702
