1689988844053
1689988844548
1689988844751
1689988845186
1689988845382
1689988845834
1689988846016
1689988846458
1689988846650
1689988847114
1689988847293
1689988847742
1689988847923
1689988848376
1689988848547
1689988849020
1689988849203
1689988849645
1689988849828
1689988850285
1689988850463
1689988850922
1689988851121
1689988851572
1689988851746
1689988852214
1689988852390
1689988852866
1689988853057
1689988853518
1689988853711
1689988854186
1689988854379
1689988854827
1689988855000
1689988855454
1689988855641
1689988856094
1689988856278
1689988856721
1689988856901
1689988857332
1689988857511
1689988857947
1689988858134
1689988858574
1689988858753
1689988859211
1689988859380
1689988859805
1689988859998
1689988860441
1689988860622
1689988861070
1689988861248
1689988862629
1689988863041
1689988863670
1689988863857
1689988864300
1689988864500
1689988864934
1689988865115
1689988865561
1689988865742
1689988866185
1689988866380
1689988866814
1689988866997
1689988867451
1689988867654
1689988868085
1689988868287
1689988868718
1689988868903
1689988869353
1689988869526
1689988869958
1689988870127
1689988870593
1689988870775
1689988871201
1689988871385
1689988871853
1689988872042
1689988872495
1689988872680
1689988873125
1689988873297
1689988873710
1689988873898
1689988874341
1689988874529
1689988874977
1689988875143
1689988875581
1689988875758
1689988876221
1689988876405
1689988877145
1689988877546
1689988878730
1689988878904
1689988879346
1689988879530
1689988879971
1689988880144
1689988880631
1689988880809
1689988881273
1689988881445
1689988881885
1689988882059
1689988882493
1689988882665
1689988883090
1689988883275
1689988883722
1689988883914
1689988884378
1689988884553
1689988884982
1689988885168
1689988885607
1689988885821
1689988886254
1689988886436
1689988886870
1689988887056
1689988887533
1689988887721
1689988888153
1689988888340
1689988888807
1689988888999
1689988889449
1689988889629
1689988890078
1689988890268
1689988890713
1689988890892
1689988891311
1689988891490
1689988891929
1689988892119
1689988893113
1689988894253
1689988895515
1689988896216
1689988897073
1689988897479
1689988898046
1689988898234
1689988898682
1689988898855
1689988899283
1689988899462
1689988899925
1689988900100
1689988900527
1689988900746
1689988901165
1689988901345
1689988901792
1689988901982
1689988902461
1689988902637
1689988903093
1689988903274
1689988903709
1689988903887
1689988904338
1689988904512
1689988904968
1689988905163
1689988905609
1689988905781
1689988906225
1689988906403
1689988906830
1689988907001
1689988907443
1689988907618
1689988908057
1689988908245
1689988908673
1689988908849
1689988909277
1689988909458
1689988909889
1689988911204
1689988912045
1689988912398
1689988912837
1689988913013
1689988913465
1689988913646
1689988914065
1689988914257
1689988914702