1689988203477
1689988204238
1689988204439
1689988205177
1689988205395
1689988206104
1689988206318
1689988207086
1689988207303
1689988208068
1689988208274
1689988209024
1689988209222
1689988209973
1689988210218
1689988211407
1689988211673
1689988212776
1689988213665
1689988214810
1689988215004
1689988215721
1689988215919
1689988216643
1689988216840
1689988217540
1689988217739
1689988218436
1689988218640
1689988219316
1689988219523
1689988220256
1689988220454
1689988221172
1689988221377
1689988222132
1689988222331
1689988223043
1689988223250
1689988223944
1689988224139
1689988224854
1689988225045
1689988225764
1689988225978
1689988226668
1689988226867
1689988227573
1689988227783
1689988228494
1689988229016
1689988230320
1689988230740
1689988231836
1689988232238
1689988232965
1689988233172
1689988233901
1689988234127
1689988234832
1689988235037
1689988235740
1689988235952
1689988236701
1689988236910
1689988237613
1689988237815
1689988238540
1689988238741
1689988239486
1689988239699
1689988240433
1689988240626
1689988241345
1689988241537
1689988242256
1689988242464
1689988243193
1689988243384
1689988244122
1689988244336
1689988245848
1689988246058
1689988246766
1689988246964
1689988247660
1689988247871
1689988249624
1689988250074
1689988250948
1689988251137
1689988251853
1689988252055
1689988252764
1689988252960
1689988253698
1689988253891
1689988254632
1689988254843
1689988255580
1689988255861
1689988256588
1689988256797
1689988257512
1689988257717
1689988258492
1689988258696
1689988259434
1689988259629
1689988260358
1689988260561
1689988261274
1689988261462
1689988262224
1689988262450
1689988263162
1689988263372
1689988264090
1689988264324
1689988265016
1689988265208
1689988265940
1689988266133
1689988266877
1689988267074
1689988267773
1689988267970
1689988268681
1689988268881
1689988269596
1689988269792
1689988270501
1689988270695
1689988271431
1689988271624
1689988272337
1689988273121
1689988273965
1689988274171
1689988274876
1689988275068
1689988275785
1689988275990
1689988276718
1689988276911
1689988277637
1689988277845
1689988278574
1689988278773
1689988279478
1689988279698
1689988280421
1689988280623
1689988281326
1689988281531
1689988282239
1689988282445
1689988283181
1689988283386
1689988284128
1689988284333
1689988285044
1689988285245
1689988285981
1689988286180
1689988286926
1689988287131
1689988287866
1689988288064
1689988288768
1689988288987
1689988289733
1689988289934
1689988290634
1689988290837
1689988291585
1689988291784
1689988292496
1689988292705
1689988293441
1689988293650
1689988294357
1689988294571
1689988295297
1689988295508
1689988296225
1689988296425
1689988297128
1689988297334
1689988298072
1689988298280
1689988298989
1689988299201
1689988299910
1689988300121
1689988300812
1689988301017
1689988301732
1689988301943
1689988302707