1689990660995
1689990664690
1689990664941
1689990665458
1689990665600
1689990666017
1689990666259
1689990666839
1689990667039
1689990667627
1689990667838
1689990668360
1689990668574
1689990669128
1689990669343
1689990669924
1689990670107
1689990670635
1689990670853
1689990671413
1689990671608
1689990672127
1689990672338
1689990672901
1689990673086
1689990673604
1689990673785
1689990674221
1689990674488
1689990675340
1689990676262
1689990678126
1689990679104
1689990681001
1689990681929
1689990683699
1689990683874
1689990684293
1689990684490
1689990684900
1689990685109
1689990685670
1689990685886
1689990686404
1689990686578
1689990687008
1689990687229
1689990687766
1689990687993
1689990688497
1689990688718
1689990689297
1689990689495
1689990690041
1689990690286
1689990690822
1689990691022
1689990691569
1689990691785
1689990692314
1689990692522
1689990693054
1689990693251
1689990693788
1689990694009
1689990694572
1689990694753
1689990695164
1689990695346
1689990695901
1689990696112
1689990696643
1689990696853
1689990697380
1689990697603
1689990698124
1689990698344
1689990698887
1689990699038
1689990699450
1689990699638
1689990700495
1689990701431
1689990703304
1689990704189
1689990706189
1689990707128
1689990708840
1689990709012
1689990709552
1689990709772
1689990710299
1689990710510
1689990710928
1689990711145
1689990711674
1689990711864
1689990712445
1689990712649
1689990713173
1689990713370
1689990713931
1689990714146
1689990714691
1689990714890
1689990715299
1689990715569
1689990716102
1689990716231
1689990716626
1689990716747
1689990717188
1689990717345
1689990717753
1689990717997
1689990718516
1689990718732
1689990719312
1689990719521
1689990720015
1689990720219
1689990720636
1689990720856
1689990721246
1689990721404
1689990721835
1689990722048
1689990722642
1689990722847
1689990723356
1689990723615
1689990724135
1689990724347
1689990725181
1689990726057
1689990727924
1689990728849
1689990730948
1689990731882
1689990733741
1689990733954
1689990734497
1689990734721
1689990735235
1689990735469
1689990735974
1689990736218
1689990736766
1689990736913
1689990737316
1689990737534
1689990737945
1689990738137
1689990738548
1689990738769
1689990739326
1689990739537
1689990740065
1689990740270
1689990740824
1689990740993
1689990741400
1689990741601
1689990742000
1689990742146
1689990742570
1689990742765
1689990743171
1689990743378
1689990743952
1689990744147
1689990744732
1689990744938
1689990745462
1689990745678
1689990746246
1689990746476
1689990746997
1689990747201
1689990747700
1689990747930
1689990748490
1689990748688
1689990749279
1689990749484
1689990750325
1689990751227
1689990753137
1689990754030
1689990756145
1689990757077
1689990758652
1689990758797
1689990759220
1689990759447
1689990759866
1689990760037
1689990760472
1689990760692
1689990761201
