1689990470712
1689990470909
1689990470996
1689990471215
1689990471300
1689990471510
1689990471585
1689990471799
1689990471881
1689990472109
1689990472186
1689990472390
1689990472473
1689990472686
1689990472769
1689990472974
1689990473060
1689990473262
1689990473342
1689990473559
1689990473640
1689990473841
1689990473925
1689990474130
1689990474205
1689990474402
1689990474479
1689990474670
1689990474749
1689990474989
1689990475071
1689990475274
1689990475356
1689990475586
1689990475661
1689990475858
1689990475940
1689990476146
1689990476233
1689990476414
1689990476489
1689990476710
1689990476791
1689990477002
1689990477080
1689990477265
1689990477344
1689990477551
1689990477628
1689990477841
1689990477920
1689990478143
1689990478226
1689990478422
1689990478503
1689990478718
1689990478799
1689990478990
1689990479073
1689990479274
1689990479348
1689990479602
1689990479681
1689990479877
1689990479965
1689990480161
1689990480239
1689990480450
1689990480524
1689990480714
1689990480793
1689990480998
1689990481071
1689990481306
1689990481389
1689990481602
1689990481676
1689990481870
1689990481955
1689990482158
1689990482240
1689990482455
1689990482536
1689990482750
1689990482832
1689990483058
1689990483137
1689990483342
1689990483420
1689990483687
1689990484609
1689990487734
1689990493619
1689990494382
1689990494925
1689990495131
1689990496201
1689990498735
1689990499434
1689990501179
1689990502194
1689990502403
1689990502486
1689990502695
1689990502767
1689990502991
1689990504093
1689990506618
1689990509223
1689990509942
1689990510045
1689990510266
1689990510348
1689990510553
1689990511480
1689990516154
1689990518242
1689990518447
1689990518529
1689990518746
1689990518829
1689990519054
1689990519139
1689990519354
1689990519431
1689990519643
1689990519718
1689990520208
1689990520292
1689990520501
1689990520583
1689990520791
1689990520865
1689990521087
1689990521170
1689990521370
1689990521448
1689990521663
1689990521738
1689990521963
1689990522043
1689990522242
1689990522330
1689990522570
1689990523531
1689990525226
1689990526245
1689990528194
1689990529442
1689990530076
1689990530160
1689990530362
1689990530443
1689990530639
1689990530723
1689990530939
1689990531016
1689990531218
1689990531298
1689990531519
1689990531605
1689990531835
1689990531915
1689990532143
1689990532225
1689990532419
1689990532505
1689990532707
1689990532781
1689990533011
1689990533083
1689990533292
1689990533368
1689990533607
1689990533694
1689990533906
1689990533987
1689990534203
1689990534284
1689990534491
1689990534584
1689990534810
1689990534893
1689990535115
1689990535200
1689990535410
1689990535490
1689990535710
1689990535792
1689990536003
1689990536083
1689990536279
1689990536357
1689990536554
1689990536659
1689990536867
1689990536951
1689990537174
1689990537257
1689990537486
